42
62
-5.643135e+00
2.932041e+00
5.257891e-01
4.064852e+00
5.130499e-01
3.767980e+00
2.604804e+00
-8.315871e+00
4.212127e+00
-6.005122e+00
-5.150492e+00
-5.643728e-02
3.747544e+00
2.324124e+00
-6.065456e+00
1.006854e+00
2.945634e+00
-2.473638e+00
-1.526430e-01
-3.037331e+00
-5.246124e+00
2.514413e-01
-3.819149e+00
-9.812373e-01
-3.097363e+00
-4.289873e+00
-6.748222e+00
1.201542e+00
2.636004e+00
7.577945e-01
7.984188e-01
9.146904e-01
1.318731e+00
2.375851e+00
-1.947349e+00
5.269802e-01
-8.896571e-02
3.543435e+00
1.909924e+00
-1.319548e+00
5.087236e-02
-3.970011e+00
4.615937e+00
-1.792876e+00
2.368347e-01
-5.195469e-01
-1.991035e+00
3.363249e+00
1.064733e-01
3.389160e+00
-8.766092e-01
-4.613853e+00
-6.293726e+00
-5.948282e+00
1.152728e+00
1.293906e+00
4.826063e+00
-7.308848e-01
-1.871200e+00
3.128577e+00
1.699720e+00
4.549559e+00
2.169126e+00
-4.049351e+00
-8.032278e-01
-3.805613e+00
-3.870507e-01
-5.193184e+00
4.351048e+00
-5.327041e+00
2.071623e-01
-1.269405e+00
-3.140404e+00
1.967962e+00
4.117474e+00
8.258088e-04
3.251287e+00
-3.421798e+00
-1.654535e+00
-2.792382e+00
-3.042653e+00
-4.141941e+00
-3.154117e+00
1.402346e-01
1.369897e+00
3.778315e-01
2.501366e+00
2.111171e-01
-1.258991e+00
3.556085e+00
-3.071722e-02
2.566260e+00
1.652843e+00
1.938597e+00
-1.135919e-01
4.946889e-01
-1.023406e-01
-5.527042e-01
-4.085310e+00
2.684301e-01
-7.377768e-01
-3.114428e+00
-9.253761e-01
2.153848e-01
-1.697058e+00
1.927805e+00
3.461904e+00
8.343452e-01
-9.395572e-01
-1.929562e+00
3.221085e-01
3.676158e+00
-2.533496e+00
3.790155e+00
-6.465798e-01
-2.717669e+00
-2.450598e+00
-5.076642e+00
1.684624e+00
1.339280e+00
2.405276e+00
-1.299798e+00
4.956344e-01
-2.873129e+00
4.835137e+00
-7.384597e-01
1.271361e+00
-2.418693e+00
9.664667e-01
-2.299733e+00
1.832312e+00
-2.204894e-01
1.234654e+00
-7.910533e+00
1.058979e+00
-5.046758e-01
4.950060e-01
-1.250367e-04
1.141045e+00
1.037830e+00
-5.841891e-01
-1.502280e+00
-3.705056e+00
-2.826041e+00
-5.262878e+00
-2.696274e+00
-2.236093e+00
5.154945e+00
1.744644e+00
4.942056e+00
-4.420495e+00
2.925464e+00
-6.026416e-01
-4.643515e-01
-2.106699e+00
-1.497807e+00
-1.212594e+00
-2.879225e+00
-2.239679e+00
-5.050044e-01
5.102020e-01
2.680224e+00
3.572083e-02
3.501297e+00
2.567731e+00
-2.095738e-01
1.964479e+00
5.473916e-01
7.099700e-02
-3.699190e-01
5.877926e-01
1.903335e+00
-4.809999e+00
-2.735797e+00
-7.586490e-01
2.714815e+00
-1.378185e+00
-4.281830e+00
8.575739e-01
-1.048102e+00
-1.359522e+00
-3.808235e-01
-1.475656e+00
-3.828918e+00
-2.628695e+00
-3.841451e-01
2.345096e+00
7.659788e-01
-1.592274e+00
1.933760e+00
2.690440e+00
3.335491e+00
2.688048e+00
-7.724018e-01
5.794860e-01
7.046287e-01
2.276355e+00
1.688674e+00
-3.162947e-01
1.148399e+00
1.570130e+00
8.133343e-01
-3.986850e+00
-3.605207e+00
1.763691e+00
-1.867053e-02
-3.714244e+00
1.708504e+00
2.271292e+00
-3.015494e+00
1.547013e-01
-4.331152e+00
-1.404671e+00
-2.283941e+00
8.572483e-01
-2.469349e+00
1.298520e+00
1.666037e-01
-2.480343e+00
-2.044270e+00
9.829342e-01
-8.142547e-02
-3.776765e+00
6.824010e-01
7.689394e-01
-1.588228e+00
-1.833384e+00
1.017232e+00
1.275154e+00
8.639193e-01
-2.039509e+00
-1.939655e+00
2.530750e-01
-2.341105e+00
-5.264568e-01
-2.702972e-01
-6.565815e-01
-1.007194e+00
-1.497919e+00
-3.579045e+00
3.796617e-01
-2.402702e+00
-2.136977e+00
-2.003580e+00
-7.997024e-01
-5.106609e+00
2.012150e+00
-3.089989e+00
-2.745451e+00
-3.906310e+00
-3.086172e+00
-6.314317e-01
-1.947198e+00
1.653188e+00
-9.951755e-01
-3.165054e+00
-2.296057e+00
-4.659767e-01
-1.813988e+00
5.077262e-01
-1.504418e+00
-1.356927e+00
-2.020820e+00
1.972438e+00
-7.930189e-01
-4.487160e-01
1.637687e+00
-2.373128e+00
1.132512e+00
-3.237283e-01
2.407256e+00
-9.495401e-01
-1.506424e+00
-1.362331e+00
-1.519530e+00
-2.380025e+00
-7.432323e-01
3.395882e+00
-1.519527e+00
-3.933468e-01
-3.910764e+00
-1.749421e+00
1.767745e+00
-1.059506e+00
-6.611351e-02
-1.924731e-01
-2.489050e+00
5.257134e-01
-2.057945e+00
-1.371433e+00
-2.179907e+00
-1.500267e+00
1.108305e+00
7.226051e-01
-1.245558e+00
9.145697e-01
1.179029e+00
-1.150006e+00
-1.463959e-01
-7.130681e-01
-4.315740e-01
-2.185146e+00
-6.980368e-01
-1.038810e+00
-1.981605e+00
-2.685776e+00
-1.473288e+00
-2.294978e+00
-1.171098e+00
-1.816776e+00
1.617518e+00
1.476730e+00
6.409971e-01
9.512151e-01
-4.833554e+00
-5.222922e+00
6.908935e-01
2.247852e+00
1.613061e+00
3.508302e-01
6.115597e-01
6.849026e-01
-1.375866e+00
1.305575e+00
7.976316e-01
-4.973777e+00
9.087779e-01
3.090521e+00
-2.250578e+00
-7.610935e-01
-1.467610e+00
-1.390730e-01
3.408340e+00
1.081563e+00
2.188405e+00
-1.473605e+00
3.417863e+00
-4.760487e-01
2.483448e-01
-5.790188e-01
-9.950831e-01
-3.486758e+00
-3.860557e+00
-1.972465e-01
4.397593e-01
4.381154e-01
2.941142e-01
-1.990477e+00
2.366630e-01
1.103400e+00
-4.485502e-01
7.741146e-01
-6.000683e-01
1.991475e+00
2.030972e-01
-1.617036e-01
-7.195101e-01
1.644692e+00
-4.681998e+00
-2.424960e+00
3.272308e+00
4.588159e-01
-8.091196e+00
-9.431821e-01
1.109657e-01
-3.579617e+00
1.615725e+00
2.848654e-03
-6.732572e+00
1.290330e+00
-1.785511e-02
6.535912e-01
5.922957e-01
-1.647674e-01
2.909523e+00
-2.179767e+00
-1.413051e+00
-3.592013e-01
-2.765613e+00
4.308448e-01
-6.220299e+00
1.105537e+00
-3.329540e+00
3.066485e+00
2.133852e+00
-3.812963e+00
1.464407e+00
-1.320304e-01
-7.639544e-01
-9.681262e-01
-6.256547e+00
-4.158045e+00
3.264410e+00
4.976300e+00
-2.729334e+00
1.858689e+00
4.570817e-01
1.401914e+00
-3.152509e+00
2.007958e+00
-4.006908e+00
2.695565e+00
1.464911e-01
-2.415475e-01
-1.062481e+00
-2.016750e+00
-1.349269e+00
1.778060e+00
-1.144894e+00
3.333565e+00
-9.966989e-01
1.636378e+00
1.624783e+00
-1.122760e+00
-4.894552e+00
6.252984e-01
-3.207863e-01
5.728200e-01
-6.691871e-01
3.370451e-01
1.452901e+00
-4.541671e+00
-1.844417e+00
1.850344e-01
-2.460196e+00
-2.211376e+00
-4.116333e+00
4.484164e+00
2.676785e+00
6.303028e-02
-1.520812e+00
-2.980729e+00
-1.150120e+00
-3.280284e+00
-1.948638e+00
1.341767e+00
1.688477e+00
-6.406864e+00
2.086097e+00
-5.468970e+00
-2.834790e+00
-6.233033e-01
-3.784234e+00
-9.682240e-01
2.115498e+00
-6.607961e-01
2.331884e+00
-4.780571e-01
1.574871e+00
-4.045778e+00
8.512754e-01
-4.818388e+00
-4.144689e+00
-5.692154e-01
-6.043234e-01
-8.224869e-01
9.357600e-01
1.310695e+00
-1.941085e-01
-1.137187e+00
-1.900654e-01
2.718708e+00
-4.551925e+00
-1.787993e-01
2.438904e+00
1.076910e+00
1.224807e-01
-1.268921e+00
2.062997e+00
-9.750039e-01
-1.096734e+00
-3.320655e+00
9.303899e-01
3.440008e+00
-4.253010e+00
-4.216041e+00
-2.043705e-01
-5.311369e+00
1.523404e+00
-1.552557e+00
-9.137896e-01
8.162334e-01
3.955685e-02
-2.712787e+00
7.349266e-01
-2.174861e+00
-6.532482e-01
-3.406417e+00
-3.946485e+00
-1.915541e+00
-2.316167e+00
7.550493e-01
1.251692e+00
-3.311964e+00
-4.357393e+00
-4.718656e+00
8.600464e-01
-1.317664e-02
2.444642e+00
3.198506e+00
-3.728703e+00
1.428613e+00
-2.903877e+00
-6.987372e-01
2.246108e+00
4.188951e+00
1.853384e+00
1.376575e+00
-4.218420e+00
1.478287e+00
4.315962e-01
8.040438e-01
3.025573e+00
2.099527e-01
1.753057e-01
1.880966e+00
-7.694080e-01
-1.022592e+00
1.388902e+00
-2.487681e+00
-3.215604e+00
2.825676e+00
-6.192164e+00
1.171155e-01
-8.494002e-01
9.525638e-01
-5.102453e+00
-2.485413e-01
-9.853403e-01
2.900154e-01
-2.039229e+00
1.160780e+00
4.994057e+00
9.650289e-01
-3.829291e+00
2.075940e+00
-1.961495e+00
9.409524e-01
-7.051042e+00
-3.747137e+00
1.020867e+00
-6.431153e-01
-6.450756e+00
-1.818204e+00
-1.603830e+00
-2.516810e+00
-2.254662e+00
2.703694e+00
-7.978721e+00
3.387114e+00
-1.589073e+00
2.430490e+00
-4.952851e+00
-1.634113e-01
2.332115e+00
2.309963e-01
7.554094e-01
1.739911e-01
-4.841921e-01
-5.472913e+00
1.640605e+00
2.689076e-01
1.406589e+00
-2.189826e+00
-1.977527e+00
2.174372e+00
-3.369086e-01
-1.113467e+00
-9.790298e-02
-2.580622e+00
-1.898011e+00
2.855838e+00
-3.163219e+00
-5.918585e+00
-2.544467e+00
3.231537e-01
1.580188e+00
2.179369e+00
1.254034e+00
1.355328e+00
-5.255559e+00
-6.910892e+00
-3.255005e+00
3.792614e-03
-6.928416e-01
-4.846016e+00
-3.092623e+00
-3.609970e+00
3.481032e-01
1.142351e+00
-1.986847e-01
-1.874844e+00
8.419915e-01
-2.193864e-01
3.726166e+00
2.846892e-01
-2.855368e-02
-4.447234e+00
9.007912e-01
1.988313e+00
2.351960e-01
4.974454e+00
-1.971265e+00
1.391696e-01
-9.636616e-01
1.329709e-01
-7.077868e-01
-5.262237e+00
-2.532574e+00
2.935540e+00
7.401681e-01
-5.448683e-02
-1.491410e+00
5.713951e-01
-2.279647e+00
1.660071e+00
2.444405e+00
-2.955624e+00
-5.210810e+00
2.621976e+00
-1.748464e+00
-3.901372e-01
-1.747683e-01
-1.190951e+00
-2.229238e+00
1.242500e-01
-2.817586e+00
1.123504e+00
1.353967e+00
-4.813505e-01
7.740348e-01
-4.170721e+00
-2.169518e+00
7.036009e-01
-5.104440e-01
-6.571449e+00
-2.071524e+00
1.450143e+00
-1.608666e+00
-3.911408e+00
-1.273978e+00
8.751561e-01
-2.648453e+00
-2.586828e-01
-1.901933e+00
-1.154745e+00
-2.762973e-01
8.599135e-01
-5.639806e-01
1.647878e+00
-2.006814e+00
2.346529e-01
-3.074793e-01
-7.115273e-01
6.052105e-02
4.629190e-01
-2.496791e+00
-4.205523e-01
-1.307888e+00
1.047398e+00
3.721399e-01
-2.015358e+00
-2.124855e+00
-1.372842e+00
-6.452323e+00
-3.093079e+00
-3.539633e-02
1.858313e+00
-2.453613e+00
-2.372393e+00
-1.032077e+00
2.248049e+00
1.251190e+00
-7.059384e-02
-1.230794e+00
-1.225166e+00
-1.840540e+00
-6.868644e-01
-5.048296e-01
-1.523004e+00
9.137536e-01
4.806325e-01
1.564152e+00
-2.373277e+00
-2.739494e-01
7.451350e-01
-1.660758e+00
1.494770e-01
2.419029e+00
-6.517861e+00
6.113803e-02
-4.565140e-01
1.015512e+00
2.089489e+00
-4.799858e-01
1.844843e+00
3.432027e+00
2.125951e+00
-7.122145e-01
1.376871e+00
4.540813e+00
8.108158e-01
-1.781906e+00
-1.116040e+00
-2.466520e+00
-2.596891e+00
-3.271519e-01
-5.676843e+00
-1.320502e+00
-4.307876e+00
4.279563e-01
1.188573e-04
-6.625791e-01
-2.656964e+00
-4.186823e-01
-6.968543e-01
-3.025518e+00
-1.804038e-01
-2.465453e+00
2.175335e+00
1.297615e+00
-3.356254e+00
2.106609e+00
2.505524e+00
1.625262e+00
-3.119820e-01
-1.906745e+00
-2.430887e+00
-2.622771e-01
1.612374e+00
-1.817900e+00
7.272420e-01
-3.789341e-01
-2.066292e+00
-7.015309e-01
1.676070e+00
1.640801e+00
-1.392961e+00
2.868133e+00
-3.709370e+00
1.962489e+00
4.810786e-01
-4.368685e+00
1.238914e-01
2.943366e+00
1.193303e+00
1.072882e+00
1.446714e+00
2.855002e+00
-2.421570e+00
2.187589e+00
-3.896928e+00
-1.945030e-01
-3.143016e+00
1.663521e-01
-8.721419e-01
6.063934e-01
1.241656e+00
-4.939095e+00
-7.908236e-01
2.904376e+00
9.601616e-02
-5.695382e+00
2.007183e-02
-8.103712e-01
-1.815346e+00
-2.275542e+00
2.856443e+00
-3.098646e+00
7.609442e-01
5.086497e+00
-1.862909e+00
-1.122510e+00
3.957828e+00
3.002772e-01
-1.343675e+00
6.985066e-01
1.966470e+00
-6.440083e-02
-1.208499e+00
2.099057e+00
-6.191965e-01
-1.244300e+00
-4.631967e+00
-4.418442e+00
-3.226699e+00
2.171778e+00
-1.342547e+00
-1.226943e+00
-9.848312e-01
-7.104828e-02
2.079558e+00
-2.864256e+00
-2.396075e-01
-2.849826e+00
-5.265357e+00
7.838436e-01
-1.211850e+00
-1.978422e+00
-5.126252e+00
-4.010554e+00
9.868649e-01
-2.347169e+00
-4.401430e-01
-5.051092e+00
-1.330089e+00
1.838930e+00
2.429979e+00
9.811406e-01
1.617213e+00
6.950549e-01
3.136288e+00
3.554692e+00
-4.430577e+00
2.035247e+00
-4.648162e-01
3.691205e+00
3.666234e+00
-2.050753e-01
2.182816e+00
4.518228e+00
-1.207472e+00
-1.029123e-01
1.512523e+00
-8.093620e-02
2.668178e+00
1.205656e+00
-2.129856e+00
-3.090664e+00
-2.655802e+00
-1.034456e+00
-5.685702e+00
-2.856710e+00
-3.591282e+00
-2.108605e+00
4.213711e-01
2.017366e+00
-1.504088e+00
2.173420e+00
-2.836584e+00
4.841468e-01
-2.714535e+00
-4.638027e+00
-2.613349e+00
8.747603e-01
-3.112033e+00
6.741923e+00
-3.863050e+00
1.708041e+00
1.200993e+00
-9.115321e-01
-2.333024e+00
-4.652881e+00
1.088941e+00
-3.814013e+00
-1.254493e+00
-3.047177e+00
-4.104549e+00
-9.374364e-01
-3.480992e+00
1.885959e+00
-2.532191e+00
9.603826e-01
3.615629e-01
-2.178269e+00
-3.528007e+00
5.835306e-01
-1.555237e+00
-3.593487e+00
3.938056e-01
7.982795e-01
-2.409136e+00
2.820267e-01
-1.652434e+00
-3.177026e+00
-1.338170e+00
-7.137961e-01
-1.432334e+00
-2.461194e+00
-3.931593e+00
1.197984e+00
3.376298e-01
-4.803998e-01
2.529186e+00
-2.757305e+00
-1.451993e+00
8.375025e-01
2.012711e+00
6.207495e-01
-2.880674e+00
1.451055e+00
-2.335147e+00
-2.211381e+00
-3.165126e+00
-1.970287e+00
-3.017698e-01
-3.958752e-01
1.834177e+00
-1.889930e+00
1.321184e+00
-4.995562e+00
-8.458991e-02
-5.381306e+00
1.344282e+00
-3.820763e+00
-1.782380e+00
2.169585e+00
-2.616922e+00
1.027793e+00
-1.036996e+00
-3.528110e+00
-8.547109e-01
-4.033398e-01
-1.885960e+00
2.927748e+00
9.879785e-01
2.055927e+00
-1.403293e+00
-8.894869e-02
-1.097384e+00
-1.414922e+00
-8.675544e-01
3.246027e-01
2.829166e-01
8.409792e-01
2.101735e+00
1.695453e+00
1.819128e+00
5.769080e-01
1.897274e+00
1.935422e-01
-2.342266e-01
1.197142e+00
1.600099e-01
-9.046225e-01
-1.968007e-01
-2.996639e+00
2.193094e-03
6.798397e-01
1.371427e+00
1.432487e+00
-2.443377e+00
-4.208038e-01
1.149433e+00
4.945327e-01
-4.452387e-01
-1.129556e+00
2.313482e+00
-1.627138e+00
-2.350406e+00
-2.609604e-01
-2.631835e+00
-2.252016e-01
1.047041e+00
-6.339737e-01
-2.789831e-01
-6.354373e-01
4.114023e-01
1.313043e+00
-1.177821e+00
1.131381e+00
7.549435e-01
-1.281598e+00
-2.427618e-01
-1.275350e+00
7.206840e-01
2.023205e-01
-4.696526e-01
-2.128626e+00
-3.717167e+00
-1.046839e+00
-9.253911e-01
-6.148419e-01
6.171186e-01
-6.896405e-01
-9.672125e-01
-3.978602e+00
-2.248075e-01
8.365390e-01
-4.368277e-01
-1.598927e+00
2.185885e+00
-4.871151e-01
1.527861e+00
-7.899179e-01
-5.230671e+00
-2.953619e+00
-7.097225e-01
-3.731510e-02
-1.569630e-02
-1.403142e+00
1.958756e+00
-1.372822e-01
1.997706e-01
-4.757300e+00
-5.695074e+00
5.555508e-01
-5.463127e+00
1.561015e+00
-2.617912e+00
5.237984e+00
-1.721066e+00
-3.373718e+00
1.788659e+00
-2.020696e+00
-9.876402e-01
-9.268768e-01
2.778331e+00
-3.730578e-01
-1.244877e+00
3.243105e-01
-1.208805e-02
8.606053e-01
6.643623e-01
1.920918e-01
-1.678075e+00
-1.881315e+00
3.830337e-01
-5.626873e-01
1.644252e+00
-2.095303e+00
2.314115e+00
-1.985002e+00
4.155166e-01
-6.289110e-01
-3.717236e-01
-9.933614e-02
-2.618483e+00
-3.450839e+00
-9.126365e-01
-8.832916e-01
-2.395293e+00
4.127599e+00
1.898215e+00
-3.106921e+00
1.833336e+00
1.334793e+00
-4.133258e-01
2.331206e+00
2.250450e+00
-7.443563e-01
3.060856e+00
-2.990358e+00
1.082463e+00
-1.686700e+00
1.240491e+00
2.000019e+00
3.469876e+00
1.586874e+00
1.467867e+00
6.986378e-01
1.274623e+00
2.215980e+00
-6.059860e+00
-1.522684e+00
7.877855e-02
-3.503014e+00
-2.845328e+00
1.256556e+00
-9.948078e-01
1.145244e+00
-2.072695e+00
9.848747e-01
-2.812518e+00
-4.770626e+00
-5.857599e+00
-2.918717e+00
2.171328e-01
-3.949989e+00
3.065667e+00
-1.682293e+00
6.185742e+00
-3.566243e+00
-1.617539e+00
-4.300498e+00
-2.317647e+00
-1.230596e-01
3.626312e+00
-1.554912e+00
1.616461e+00
-4.293001e-01
1.148459e+00
-9.580724e-01
-3.198694e+00
-3.919433e+00
-1.778460e+00
-5.701072e+00
7.941107e-01
2.989901e+00
-3.198659e+00
1.663072e+00
-9.942046e-01
-2.357091e+00
-3.108799e+00
-2.333832e+00
1.378585e+00
-1.517082e+00
3.576351e+00
-2.257138e+00
-4.120676e-01
-2.990838e+00
-1.925420e+00
5.607013e+00
9.868235e-01
6.077194e-01
-9.087720e-01
-4.206940e+00
-1.327794e+00
9.284997e-01
-1.944939e+00
-7.499288e-01
-2.422881e+00
-3.633245e-01
-2.068285e+00
9.167724e-01
-3.087671e+00
-2.663524e+00
-3.257373e+00
-1.542303e+00
-1.978728e+00
-1.832125e+00
4.759177e-01
-9.547637e-01
-2.062586e+00
-1.756665e-02
-7.417039e-01
-5.014661e-01
8.711399e-01
-2.792968e+00
-3.851168e-01
-3.683990e+00
2.485089e+00
-1.263999e+00
-4.415876e+00
-6.656748e-01
-1.341671e-01
-1.398523e-01
-1.282098e+00
-8.202038e-01
-3.049559e+00
-3.098527e+00
4.602702e-01
-1.797348e+00
1.541299e+00
-1.628447e+00
-3.124139e+00
-2.049498e+00
-7.314664e-01
-4.519526e+00
-1.275250e-01
6.587512e-01
-1.125509e+00
-1.057004e+00
-5.301627e-01
-3.514752e+00
-1.242905e+00
6.368279e-01
-3.289368e-01
-2.013052e+00
-3.465705e+00
-4.168501e+00
-4.913299e-01
-5.076849e-01
-9.910260e+00
-2.615462e+00
-4.309932e+00
-1.349655e+00
-1.125093e+00
6.894531e-01
-2.449891e+00
-1.803113e+00
-3.287398e-01
-2.808882e-01
-4.901394e-01
-1.329667e+00
-1.244732e+00
-1.052113e+00
-8.694086e-01
8.022988e-01
3.971434e+00
-1.285895e+00
-1.478415e+00
-2.537842e+00
1.622311e+00
-3.351296e+00
-1.456550e+00
-2.234953e+00
-2.603313e-01
-2.537753e+00
-2.974543e-01
-1.591130e+00
7.460850e-01
-2.443570e+00
-6.838521e-01
-1.899413e+00
-7.129462e-01
-3.687197e+00
3.944021e+00
-9.161655e-01
-1.538460e+00
-7.038915e-01
-1.370989e+00
-2.084851e+00
-1.068467e+00
-1.361996e+00
-1.262575e+00
-1.276360e+00
4.921436e+00
-1.358518e+00
-9.686155e-01
1.172418e+00
-8.096305e-01
2.651243e+00
-4.430781e-01
1.953594e+00
-2.070954e+00
-2.485247e+00
-1.495593e+00
-1.185764e+00
8.971118e-01
-8.117880e-01
-1.447022e+00
-1.668017e-01
4.145028e-01
-1.112101e+00
-3.040739e+00
-1.442518e+00
-1.159409e+00
-5.275589e-01
-1.271525e+00
3.394648e-01
-7.034753e-01
-1.775191e-01
-5.767267e+00
-8.119371e-01
-1.002261e+00
-2.794975e+00
3.733440e-01
-8.813720e-01
-7.726978e-02
-3.888900e+00
-2.742187e+00
-5.033766e+00
-4.473099e+00
-3.372983e+00
-3.374915e+00
-1.791610e+00
-3.132923e+00
-4.014739e+00
-2.726580e+00
-2.955141e+00
-3.225582e+00
-2.071811e+00
-3.435686e+00
-3.337091e+00
-2.076884e+00
-3.163075e+00
-3.361125e+00
-1.669407e+00
-1.882866e+00
-7.852739e-01
-1.899874e+00
-5.640324e-01
-1.512519e+00
-3.460130e+00
-2.390819e+00
-6.653265e-01
-2.613031e+00
-2.876506e+00
-1.982906e+00
-1.082757e+00
4.223356e-03
-1.319215e+00
-1.038635e-01
-3.744713e+00
-4.558926e-01
-3.343811e+00
-3.588677e+00
-1.630574e-01
-1.175265e+00
-2.492859e+00
-1.542327e+00
-4.630051e+00
-1.219096e+00
1.409412e+00
-1.078820e+00
4.453091e-01
-2.735650e+00
-1.339400e+00
-1.109723e+00
-2.325662e+00
-2.411404e+00
-1.660653e+00
-2.299159e+00
-2.234606e+00
-1.843220e+00
-1.197517e+00
-9.454885e-01
-1.536283e+00
-2.302371e+00
-1.451300e-01
-2.838938e+00
4.420711e-01
1.863940e+00
4.814687e+00
3.753079e+00
3.763606e+00
-4.138015e+00
-3.033586e+00
9.660431e-01
9.045047e-01
2.197274e+00
-6.757946e+00
-4.754008e+00
-3.918505e-01
-6.978180e+00
1.074540e+00
2.022896e+00
4.241530e+00
-2.806894e+00
1.847019e+00
2.736909e+00
-4.783930e+00
5.026963e-03
3.608112e+00
-3.221685e+00
1.683190e+00
4.785942e+00
4.041260e+00
-1.418838e+00
1.074817e+00
4.415186e+00
-3.045196e+00
2.338990e+00
3.548093e-01
-3.372813e-01
-9.285721e-01
-2.059978e+00
5.476969e-01
-4.298599e+00
1.396355e+00
-8.259068e+00
-5.875470e+00
-3.586477e+00
3.210204e+00
-5.862278e+00
-2.345531e+00
-1.529192e+00
-2.932424e+00
-2.887822e+00
1.565334e+00
-1.268792e+00
1.702787e+00
-4.302811e+00
1.126173e-01
-5.411063e+00
2.486009e+00
8.498976e-02
1.520905e+00
3.731544e-02
1.866290e-02
-9.848326e-01
-1.206545e+00
1.227656e+00
-3.453522e+00
1.462013e+00
3.209035e+00
1.136070e+00
1.962617e+00
-1.542691e+00
-1.732238e+00
1.929869e+00
-3.793355e+00
-2.444627e+00
2.821842e-01
-3.542473e-01
-1.355239e+00
1.835892e+00
-9.211670e-01
7.896843e-01
-2.064165e+00
-9.736559e-01
2.465183e+00
7.628612e-01
4.929471e+00
-6.783605e-01
8.032401e-01
-2.371897e+00
-2.335834e+00
-4.949082e+00
-2.173788e+00
-1.946234e+00
-3.551000e-01
2.411795e-01
-2.811043e+00
-2.962029e+00
1.116394e+00
-2.298284e+00
2.576645e+00
1.858588e+00
1.444009e+00
1.649855e+00
-2.661767e+00
-1.461905e+00
2.938052e+00
-7.029084e-01
-4.075544e+00
9.221874e-01
-2.862469e+00
-1.301069e-01
1.738185e+00
1.744443e+00
1.952145e-02
-5.522442e+00
-1.439396e+00
-3.673254e+00
-2.131925e+00
-9.418205e-01
-3.395952e+00
-3.735937e+00
-3.092672e+00
2.151787e-01
-3.352904e+00
5.443346e-01
6.285054e-01
2.273010e+00
-2.079658e+00
-3.040631e-01
1.184128e+00
2.547122e+00
-2.610612e+00
2.855146e+00
2.415419e+00
2.338900e+00
-4.577910e-01
2.484705e+00
1.151871e+00
5.243911e-01
2.563138e-01
-4.606890e+00
1.791933e+00
-5.321437e-01
-2.140013e+00
-8.271231e-01
-1.579256e+00
-1.961177e+00
-3.481635e+00
2.126893e-01
1.907907e+00
-3.475003e-01
1.338073e+00
-1.718376e+00
-1.935271e+00
-4.031612e-02
1.875076e+00
-3.476476e+00
-1.907218e+00
-2.726581e+00
-2.107431e+00
-8.620074e-01
-1.691177e+00
-1.855962e+00
-1.613787e-01
7.470082e-01
-3.421488e-01
1.556609e+00
1.287049e+00
2.727264e+00
1.252908e+00
-1.315931e+00
-2.559156e-01
1.172800e+00
-2.214062e+00
-1.784762e-01
-1.632086e+00
7.525697e-01
1.017359e+00
-1.926010e+00
2.042396e-01
1.617787e+00
1.881406e+00
1.864665e+00
-1.610092e+00
-1.177296e+00
8.196860e-01
-2.052548e+00
-5.157582e+00
-2.555319e+00
-2.429603e+00
1.997409e-01
-5.494630e+00
-3.543133e+00
1.505956e+00
-2.642401e+00
-1.658136e+00
1.133744e+00
-2.879610e+00
-2.757238e+00
2.306732e-01
-3.972222e-01
-1.152918e+00
8.987900e-01
-1.602487e+00
3.544773e-01
1.524546e-01
2.186573e-01
1.038951e+00
1.145445e+00
9.441883e-01
-3.168695e-01
1.358272e+00
-4.732550e-01
1.932475e+00
3.776370e-01
-4.127630e+00
-2.149765e+00
-1.755604e+00
-3.994796e-01
2.526823e+00
-2.767900e-01
2.537763e+00
1.751404e+00
-7.554769e-01
-1.139494e+00
4.642647e-01
-3.210888e+00
-8.241936e-01
-1.507818e+00
-4.512546e+00
-4.797031e+00
8.359635e-01
-8.671893e-01
-1.293503e+00
-1.086013e+00
2.776115e+00
-4.850093e-01
2.433754e+00
3.280448e+00
2.749840e+00
-3.217517e+00
-6.974696e-01
-2.928177e+00
-3.975243e+00
-2.300708e-01
1.111893e+00
-7.191866e-02
1.600737e+00
1.988495e+00
-1.554152e+00
4.406078e-01
-6.424268e+00
-2.128529e+00
-6.165796e-01
-6.028958e-01
4.338001e-01
-1.131493e+00
-9.714030e-01
1.280468e+00
1.183345e+00
-4.857955e+00
1.898851e+00
-4.518654e+00
9.158882e-01
9.203180e-01
3.224965e+00
9.882637e-01
-1.466054e+00
-5.056071e+00
2.014814e+00
-3.768351e-01
-2.874742e+00
-1.394503e+00
-2.121146e+00
-1.780527e-01
-1.362044e+00
-2.931841e+00
3.534643e+00
-1.392638e+00
1.010912e+00
-5.385943e+00
-6.923901e-01
-1.863534e+00
-1.642253e+00
1.647478e+00
-1.159478e+00
-5.589061e-01
1.682402e+00
-1.059271e+00
1.857532e+00
-3.393921e+00
2.269428e+00
1.179054e+00
1.367699e+00
-1.114920e+00
-2.912073e+00
5.549769e-02
2.050789e+00
1.699607e+00
1.909639e-01
9.511765e-02
5.867090e-01
6.723159e-01
-5.940820e-01
3.578178e+00
1.221003e+00
7.041702e-01
-2.287410e+00
-5.557925e-01
-5.806076e-01
-7.811802e-02
4.798049e-01
3.086477e-02
-3.462339e+00
-2.755359e-01
-1.766198e+00
-1.033577e+00
6.774238e-01
2.479864e+00
7.899331e-01
-5.351012e-01
-2.065005e+00
1.243015e+00
3.488149e-01
-7.939893e-01
-3.287279e+00
-2.951034e+00
-3.577694e+00
-2.946724e+00
2.446389e+00
-7.093830e-02
9.836929e-01
-3.573073e-01
1.943796e+00
-1.650177e-01
-5.446890e-01
-1.389751e+00
-2.650407e+00
2.055529e+00
1.860551e+00
-1.656115e+00
-1.349574e-01
-3.408608e+00
-3.458584e-01
1.199369e+00
-3.357749e-02
1.053649e-01
-2.408286e+00
-1.756795e+00
7.323594e-01
-1.346893e+00
-1.950300e+00
-2.712807e+00
-1.806619e+00
1.178483e+00
-2.659512e-01
8.419857e-01
1.302492e-01
-7.164352e-01
1.335209e+00
-2.118513e+00
-1.490458e+00
2.519907e+00
-9.466075e-01
-1.600675e+00
-3.512546e+00
1.276832e+00
-1.201189e+00
4.171383e-01
-2.270072e+00
-4.614562e-01
1.017472e+00
-1.160048e-01
-2.146473e-02
-1.848943e+00
2.835083e-01
-3.910744e+00
-3.134869e+00
-3.475154e-01
-9.991948e-01
5.580759e-02
2.882612e-02
-1.298314e+00
5.652120e-01
-1.745336e-01
1.268865e-01
-6.626421e-01
1.775226e-01
-1.697820e+00
8.113806e-01
-2.134348e+00
9.466174e-01
9.956105e-01
-5.080975e+00
7.058116e+00
-2.009780e+00
-6.116377e-01
-2.852362e-01
-2.687374e+00
-1.240475e-02
-1.436069e+00
3.488391e-01
-1.510117e+00
5.197864e-01
-1.111151e+00
-1.470237e+00
-2.724394e-01
-2.398017e+00
-7.472687e-01
9.412223e-02
-1.173749e+00
-2.368045e+00
3.405326e-01
-1.082431e+00
-7.376973e-01
-6.707145e-01
1.667164e-01
5.435939e-01
-1.139527e+00
-4.000938e-01
-6.156774e-01
-2.512947e+00
-1.127362e+00
-2.287058e+00
1.443139e+00
-1.425653e+00
-1.670400e+00
-1.331522e+00
1.424005e+00
-2.771579e-01
-2.402679e+00
-2.429918e-01
-3.868054e-02
-8.027445e-01
-4.751640e-01
2.135098e-01
-2.092424e+00
-3.666162e-01
-1.662402e+00
-2.507565e+00
1.997346e+00
-3.666615e+00
1.434136e-01
-3.560257e+00
2.306914e+00
8.207240e-01
3.146880e+00
-1.710909e+00
-2.088129e+00
-2.439732e-01
-1.943282e+00
-1.785098e-02
-8.737756e-01
2.870801e+00
-4.947696e+00
-3.229826e+00
1.947464e-01
-5.704360e+00
-3.636947e+00
4.325325e-01
-7.606066e-01
-1.020409e+00
-2.184117e+00
-5.500323e-01
1.427468e+00
1.778835e+00
-2.726616e+00
2.940512e+00
-8.239580e-01
-2.446386e+00
-9.580446e-01
-3.417408e+00
2.266765e-01
-3.001115e+00
1.115953e+00
3.421552e-01
1.061862e+00
4.015309e-01
1.208727e+00
1.333525e+00
2.831387e+00
-3.368898e-02
9.374912e-01
2.344194e+00
-6.558000e-01
6.788059e-01
-7.410697e-02
3.086710e-01
6.784258e-01
5.094641e-01
7.269917e-01
8.359449e-01
2.604704e+00
2.657619e+00
9.353817e-01
-2.010030e+00
-3.918668e+00
3.805429e+00
7.690481e-01
2.221410e+00
-2.649353e+00
9.314731e-01
-1.707623e+00
8.087023e-01
-2.104064e+00
-5.134644e+00
-2.641730e+00
-2.004037e+00
4.076523e+00
-1.459197e+00
4.894318e+00
-3.403725e+00
2.038631e+00
-3.504282e+00
-3.454200e+00
-2.187214e-01
1.641793e+00
-2.368550e+00
1.966829e-01
2.284291e+00
-2.264772e+00
-2.779470e+00
-1.765478e+00
1.376176e+00
2.374349e+00
1.933453e+00
-6.040066e+00
-1.345058e+00
-4.912649e+00
2.433728e+00
-6.305330e-01
6.802194e-01
-4.188007e+00
3.312168e-01
-3.812397e+00
2.582754e-01
6.215783e-01
-5.455492e+00
1.444597e+00
-2.722440e+00
-5.192841e+00
5.129150e+00
6.764131e-01
-5.391025e-01
-4.132243e-01
-3.911400e-01
1.239795e+00
4.001063e+00
1.927066e+00
-3.882832e-01
3.573325e-01
2.272617e+00
9.106736e-01
-2.468827e+00
-4.480749e+00
1.815286e+00
-1.747523e+00
-1.150093e+00
-2.963350e+00
-5.343882e+00
-2.863056e+00
-1.132372e+00
-2.797226e+00
-5.105831e+00
-2.460393e+00
-3.112844e+00
-1.340903e+00
-1.046844e+00
1.773115e-01
3.860162e-01
-2.926363e+00
-3.009738e+00
1.980902e+00
-3.173122e+00
-2.940166e+00
-3.636531e+00
-1.955842e+00
-1.622502e+00
2.988576e+00
-1.978733e+00
-9.715481e-01
2.643123e-01
-7.902066e-01
-9.713870e-01
-2.611573e+00
-1.596200e+00
-2.315631e+00
-1.128458e+00
-5.274550e+00
-2.123611e+00
-3.420144e+00
-2.179032e+00
-8.732715e-01
3.069179e+00
-1.943172e+00
-7.812872e-01
-1.388002e+00
-2.392778e+00
-2.560617e+00
-1.881796e+00
-2.592192e+00
-2.910108e+00
4.429688e+00
-1.679450e+00
-2.758196e+00
1.446252e+00
1.648145e+00
-1.017635e+00
-1.582187e+00
-8.689551e-01
-2.375156e+00
-1.028110e+00
-4.498863e+00
-3.604099e-01
-2.406699e+00
-2.558008e+00
-2.033106e+00
-4.163643e+00
-1.614045e+00
-1.985943e+00
-9.760385e-01
1.206927e+00
-1.564966e+00
2.121544e+00
6.124717e-01
-2.081565e+00
1.610210e+00
4.482028e+00
-1.938407e+00
9.057306e-01
-5.327544e-01
-3.020193e+00
7.794183e-01
-1.400246e+00
-2.388510e+00
2.983673e+00
4.296710e+00
9.354186e-01
-1.705082e+00
5.276871e-01
-3.244554e+00
-1.131558e+00
-1.850194e-01
-2.181798e+00
5.017922e-01
-2.931633e+00
-6.200532e+00
2.617461e+00
-1.017339e+00
5.918645e-01
-3.081048e+00
-2.742792e+00
-2.665155e+00
2.175976e-01
-1.417533e-01
-1.552071e+00
-2.620788e+00
-1.156817e+00
6.724497e-03
-2.112981e+00
-2.402118e+00
-2.068566e+00
3.525247e+00
-2.709416e+00
-2.820098e+00
-3.987179e+00
-1.085237e+00
-1.922354e+00
-1.391996e+00
-1.784592e+00
-2.869606e+00
-2.926594e+00
-3.351444e+00
1.829630e+00
-2.500532e+00
2.006806e+00
-7.008106e-01
-2.480428e+00
2.259158e+00
1.871765e+00
2.734135e+00
-1.504075e+00
1.439770e+00
-2.464321e+00
1.479393e+00
2.161264e+00
2.111554e+00
1.297511e+00
-6.708287e+00
9.396601e-01
1.817051e+00
3.179746e+00
1.026565e+00
-7.407044e+00
-1.975092e+00
-6.648102e+00
-4.074064e+00
2.282580e+00
1.328647e-01
-3.520535e+00
1.612290e+00
1.403282e+00
-5.604821e-01
1.228322e+00
-6.074880e-02
1.556036e+00
-4.846533e-01
4.454072e-02
4.742079e-01
-1.386187e+00
-3.077426e-01
3.669715e+00
2.216343e+00
4.547281e-01
-1.115495e+00
-2.312202e-01
-9.323002e-02
3.817834e-01
-1.463747e+00
-2.109188e+00
-1.695257e+00
2.246084e+00
-1.328902e+00
2.741845e+00
-1.673479e-01
1.500922e+00
-6.735672e-01
2.625705e+00
-3.101551e+00
-8.878900e-01
-9.335236e-02
4.099410e+00
2.294737e+00
-2.979314e+00
2.469675e+00
-5.287122e+00
-3.807797e+00
8.607157e-01
1.602289e+00
2.215635e+00
2.851066e-01
-4.159989e+00
-3.667019e-01
1.150423e-01
1.621106e+00
-4.545706e-01
5.982046e-01
2.505325e-02
-3.265912e-02
-2.599437e+00
1.964948e-01
5.616328e-01
-3.405735e+00
5.958794e-01
1.897441e+00
2.035158e+00
-4.054906e-01
1.059085e+00
-2.518662e+00
1.314952e+00
-1.173018e+00
9.310805e-01
-1.456290e+00
-1.198335e+00
-2.211660e+00
-1.761186e+00
-2.752466e+00
-5.013676e-01
5.926993e-01
1.198200e-01
-1.385134e-01
4.654161e-01
-1.477961e+00
7.567855e-01
4.979009e-01
2.726597e-01
-7.675063e-01
-3.878096e+00
-2.873728e+00
2.738879e-01
-1.926650e+00
-1.001010e+00
5.294984e-01
3.424572e-01
-5.475494e-01
-1.463318e+00
6.545686e-01
-1.696945e+00
-2.378528e+00
7.249446e-01
-3.488854e+00
-9.397273e-01
7.782003e-01
1.586434e+00
-1.236158e+00
-1.319029e+00
-1.494572e+00
5.431976e-01
1.924003e+00
5.124786e-01
1.803478e+00
-2.112856e+00
-2.302177e+00
-4.709716e+00
-6.575213e+00
1.532496e-01
1.173453e+00
-5.076018e+00
-9.858172e-01
-2.899053e+00
4.707957e+00
3.795131e+00
2.751074e+00
-3.199081e+00
-3.938344e+00
-4.528116e+00
-3.934217e+00
-4.386086e+00
1.282637e+00
2.681730e+00
-4.280761e+00
-2.950257e+00
-4.211671e+00
-1.957717e+00
-5.843946e+00
-3.496641e+00
1.756279e+00
2.917021e+00
-1.352107e+00
-7.304004e-01
-1.053697e-01
2.702667e+00
5.023923e+00
-1.578323e+00
8.891673e-01
-1.703447e+00
-3.655571e+00
2.532864e+00
-1.326031e+00
8.491740e-01
4.050884e-01
2.519033e+00
6.783820e-01
1.863387e+00
1.180029e+00
3.743423e+00
2.447259e+00
-3.425322e+00
8.463457e-01
-4.243613e+00
-4.022323e+00
-2.234642e+00
3.473648e+00
-5.849172e-01
-5.402855e-01
-5.863273e+00
-9.543955e-01
2.650274e+00
3.609171e+00
-2.307313e+00
4.116301e-01
5.749109e-01
1.176588e+00
4.242614e+00
-2.210679e+00
-4.862791e+00
-4.151286e+00
-4.421810e+00
3.680609e+00
-6.818379e-01
-4.143587e+00
-3.816732e+00
-3.076622e+00
-4.970054e+00
-3.567335e+00
-2.379497e+00
-1.062850e+00
-1.865766e+00
-3.506856e+00
-3.702245e+00
-2.469562e+00
-2.869841e+00
-1.727429e+00
-4.329937e+00
-3.054974e+00
-4.755672e+00
-1.048599e+00
-4.063273e+00
-1.892786e+00
-1.606994e+00
-5.116257e+00
-1.747893e+00
-2.401382e+00
-4.796149e+00
-1.442082e+00
-1.649532e+00
-3.783285e+00
-2.862359e+00
-5.031470e+00
-1.596475e+00
-3.253423e+00
-3.496407e+00
-1.923678e+00
1.509300e+00
-1.519643e+00
-5.602234e+00
-2.248088e+00
-3.256103e+00
-3.414799e+00
-3.018718e+00
-2.424786e+00
-5.343497e+00
-2.174307e+00
-3.139790e+00
-3.562165e+00
-5.453721e-01
-3.915038e-01
-2.613691e+00
-4.550973e+00
-1.345092e+00
-4.040310e+00
-1.517684e+00
-2.312369e+00
8.908187e-01
-3.786717e+00
-3.013987e+00
-3.673842e+00
-3.751605e+00
-2.440286e+00
-1.915189e+00
-3.020144e+00
-2.445796e+00
-1.286612e+00
9.793966e-02
-1.740964e-01
6.385030e-01
-4.082863e-01
-9.166968e-01
-2.428851e-01
-2.570133e+00
-2.999358e+00
-1.510479e+00
-4.093201e+00
3.168341e+00
-9.126498e-02
1.136875e+00
-5.393173e-01
-5.668463e+00
-3.720754e+00
1.621125e+00
3.844082e+00
-1.925672e+00
-3.771383e+00
-1.379397e-01
-1.070899e+00
1.961572e-01
2.692787e+00
1.123920e-01
1.452435e+00
-7.473246e-01
-1.330988e+00
2.818740e-01
-3.633650e+00
1.518680e+00
-1.109246e+00
-3.994089e+00
-1.392186e+00
2.244349e+00
1.299457e+00
3.700827e-01
9.656044e-01
1.906333e+00
3.290407e+00
-1.701333e+00
-4.487694e+00
5.698693e-01
-4.522428e-01
-2.683522e+00
2.446618e+00
-9.539709e-01
2.817526e+00
-2.352057e-01
2.575382e-01
1.366686e+00
-3.843556e+00
1.890426e+00
2.488121e+00
-1.613175e+00
3.055549e+00
2.882643e+00
-1.943857e+00
-4.674106e-01
1.393996e+00
-4.875443e+00
3.056451e-01
1.248782e+00
5.681538e-01
-9.335477e-01
1.305908e+00
-1.778225e+00
-3.619100e+00
4.116530e+00
-3.234904e+00
1.062647e+00
-2.817824e+00
-1.024339e+00
-1.743309e-01
-3.784819e-01
-1.225888e+00
5.639971e-01
-2.445598e+00
-2.501575e+00
-3.100045e+00
-8.817735e-01
-1.487944e+00
-1.000698e+00
2.372457e-01
2.749449e+00
2.545169e-01
3.286027e-01
6.095368e-01
-1.112300e+00
-1.062003e-01
-1.925443e+00
-1.978397e+00
1.304996e+00
-2.693483e+00
-1.437961e+00
-1.877033e+00
2.429593e+00
-3.463713e+00
9.874302e-01
5.019036e-01
2.123661e+00
-2.713481e-01
4.596389e-01
9.714175e-01
2.584554e+00
-5.326887e-01
3.493083e-01
-6.037458e-01
-2.336294e+00
1.640066e+00
-5.125163e+00
6.970901e-01
-1.999528e-01
-1.437496e+00
7.495334e-01
-2.076628e+00
3.539801e-01
-1.022549e+00
1.480827e+00
3.814989e-02
3.899639e+00
6.499010e-01
-2.793188e+00
-1.427220e-01
2.765690e-01
-2.334790e+00
3.842355e+00
3.716626e-01
-8.003879e+00
2.547790e-01
-5.781543e+00
2.970720e+00
1.778576e+00
1.198430e-01
-1.923552e+00
-3.903686e+00
4.541275e-01
-1.254850e+00
1.991449e+00
1.742611e-01
1.423559e-01
-1.795426e+00
6.258549e-01
1.229287e+00
2.943985e+00
-2.912944e+00
-5.707928e+00
-5.419697e+00
-1.571902e-02
1.955359e+00
-1.214202e+00
1.726024e-01
-6.426447e-01
-2.787456e-01
-1.492254e+00
1.488607e+00
2.193826e+00
1.910088e+00
-9.003741e-02
1.671883e+00
-7.133096e+00
6.559510e-01
2.466632e+00
7.068582e-01
6.842052e-02
-7.825110e-01
-3.839917e+00
-3.600722e+00
1.434752e+00
3.531854e-01
-6.018879e+00
6.636768e-01
1.411555e+00
-1.743238e+00
6.352963e-01
9.032378e-01
3.580857e+00
5.726430e-01
9.329887e-01
8.639695e-02
-1.342065e+00
-5.119950e-01
-5.291873e+00
1.675733e+00
7.864594e-01
1.094233e+00
-3.347508e+00
-1.578436e+00
-5.626587e+00
2.046759e+00
2.178782e+00
-3.208415e+00
-3.628551e+00
3.729471e+00
1.860008e-01
-3.560011e+00
-1.222526e+00
4.417625e+00
-3.272414e+00
-3.238689e+00
-4.656325e+00
4.455291e-01
8.100281e-01
2.391241e+00
-4.249960e+00
-3.600992e+00
-4.551142e+00
-2.331746e+00
-4.498331e+00
-1.045397e+00
-1.292418e+00
-1.819280e+00
3.616636e+00
1.515741e+00
-1.606475e+00
2.309188e+00
-2.053742e+00
-3.591423e+00
1.815520e+00
1.105587e+00
2.587531e+00
1.428948e+00
2.974552e+00
1.210328e+00
-2.937071e+00
-1.597212e+00
-1.093964e+00
-8.652473e-01
-1.965709e+00
-6.141834e-02
-1.204245e+00
8.364115e-01
-3.681748e+00
7.468060e-02
-4.203697e+00
-1.194010e+00
-1.210448e+00
-4.575917e+00
-3.893706e+00
-2.789079e+00
-1.296169e+00
3.401573e+00
8.425587e-01
2.017135e+00
-6.038357e-01
-1.016648e+00
4.074089e+00
-9.746714e-02
-8.872197e-01
-2.250738e+00
1.119725e+00
1.030879e+00
-2.337944e+00
-3.926814e+00
-2.387002e+00
-3.648833e+00
-3.192988e+00
-3.032106e+00
4.247690e-01
-7.612004e-01
-1.309485e+00
5.205490e-01
3.395835e+00
-5.126425e+00
-2.547787e+00
-1.139797e+00
-2.660281e+00
-3.574916e-01
-1.481064e+00
-1.292444e+00
-7.048697e-01
1.303290e+00
-1.232839e+00
-5.190055e+00
-1.340151e+00
-3.155457e+00
-3.101014e+00
-3.712732e+00
4.047717e+00
-1.845725e-01
3.000690e+00
2.548187e+00
3.340995e+00
2.254967e+00
-3.009699e-01
-4.164070e+00
-1.653286e+00
-1.440063e+00
-1.916956e+00
-3.799557e+00
-3.345857e+00
4.330159e+00
-1.374678e+00
-1.288422e+00
1.573735e+00
-2.578530e+00
2.213536e+00
1.659662e-01
-6.054103e-01
-2.387184e+00
-4.515139e-01
3.321786e+00
-1.683074e+00
-4.072269e+00
-1.192924e+00
1.944200e+00
1.725560e+00
-2.323812e+00
-4.772050e-01
-1.987043e+00
-1.042163e+00
-1.385008e+00
-1.817972e+00
-7.278672e-01
1.299050e+00
-1.178116e+00
8.298891e-01
-1.383551e+00
4.942607e-01
-2.696725e-01
9.241850e-02
-6.378542e-01
-1.112837e+00
-1.420082e+00
-1.810924e+00
6.428502e-01
-1.435250e+00
1.317761e+00
2.342758e-01
-1.712151e+00
-9.204331e-02
-7.463379e-01
-8.528030e-01
-3.737030e-01
-3.037013e-01
1.250445e-01
-1.965850e+00
-1.139077e+00
-2.781271e+00
5.281945e-01
-2.184240e-01
-5.774004e-01
1.645106e+00
-1.372229e+00
-2.197216e+00
-9.596155e-02
-2.453699e+00
-1.218321e+00
-1.242238e+00
-1.409714e+00
-3.330413e-01
9.009030e-01
-2.530766e+00
6.626363e-02
6.619099e-01
-4.889144e-01
-6.726695e-01
-1.472487e+00
3.614516e-01
-3.977213e+00
-1.474360e+00
3.272184e-01
3.077998e-01
-1.309145e+00
-4.803313e+00
-7.864948e-02
-4.720054e-01
-1.014938e+00
-1.708894e-01
-1.778402e+00
-5.044324e-01
-1.086880e+00
-4.488901e+00
-4.043185e+00
-6.249512e+00
-3.387215e+00
-4.671462e+00
-1.746030e+00
-2.732244e+00
-3.395002e+00
-4.520638e+00
-4.828026e+00
-4.393681e+00
-2.483850e+00
-3.732677e+00
-3.233038e+00
-5.710365e+00
-2.476836e+00
-3.947475e+00
-3.721340e+00
-1.823573e+00
-2.624279e+00
-1.400330e+00
-1.371452e+00
-3.897536e+00
-3.287327e+00
-2.046984e+00
-3.135359e+00
-2.488832e+00
-5.360635e+00
-3.198389e+00
-2.761271e+00
-4.027707e+00
-3.251979e+00
-2.108958e+00
-2.189838e+00
-1.829499e+00
-3.606597e+00
-2.519148e+00
-3.044542e+00
-2.719200e+00
-3.529728e+00
-6.089135e+00
-3.277264e+00
-4.841207e+00
-4.717544e+00
-2.366784e-03
-4.177775e-01
-2.199914e+00
-3.931448e+00
-2.506816e+00
-3.950443e+00
-1.471084e+00
-2.410662e+00
-1.676428e+00
-3.398994e+00
-3.652179e+00
-3.184887e+00
-2.882077e+00
-2.990452e+00
-3.625803e+00
-2.781439e+00
-3.898073e+00
-2.660302e+00
